Epoch 2
0.4689756190578604
0.46666191791437067

Epoch 4
0.4437859429859779
0.43327557201116856

Epoch 4
0.4406579331271981
0.43632498469989117

Epoch 4
0.40837513412748067
0.4013386418269231

Epoch 4
0.5180080155842006
0.5097014904022217

Epoch 2
0.5982802187838434
0.5885001821786876
Epoch 4
0.5821167101012029
0.5953938449023861

Epoch 5
0.3389186319491743
0.3431293609936314

Epoch 3
0.31422474943378725
0.32902205019967434

Epoch 2
0.3136420116614346
0.29837840377904806

Epoch 7
0.4329665996480972
0.4413664770908043
Epoch 9
0.42306547319118065
0.43626907670246634

Epoch 4
0.3881498109012931
0.3925549932779853

Epoch 2
0.313536045234369
0.3064107490308357
Epoch 5
0.312701420301397
0.29910722212357954

Epoch 1
0.7615313774799076
0.6828981879870875
Epoch 6
0.6786377083118504
0.6938328078440175

Epoch 4
0.30476060261097776
0.31507132393973214